              precision    recall  f1-score   support

           3       0.00      0.00      0.00         6
           4       0.83      0.12      0.20        43
           5       0.73      0.76      0.74       426
           6       0.67      0.78      0.72       564
           7       0.77      0.58      0.66       215
           8       0.72      0.34      0.46        38
           9       0.00      0.00      0.00         1

    accuracy                           0.70      1293
   macro avg       0.53      0.37      0.40      1293
weighted avg       0.71      0.70      0.69      1293
